10 1 12 35 65
10 1 13 35 65
10 1 12 35 65
10 1 12 35 65
10 1 13 35 65
50 1 1468 1238 1262
50 1 1427 1238 1262
50 1 1734 1238 1262
50 1 1724 1238 1262
50 1 1374 1238 1262
75 1 7920 3246 2379
75 1 6787 3246 2379
75 1 6648 3246 2379
75 1 6818 3246 2379
75 1 6769 3246 2379
100 1 20179 4803 5197
100 1 20403 4803 5197
100 1 20946 4803 5197
100 1 20469 4803 5197
100 1 20472 4803 5197
10 2 14 35 65
10 2 14 35 65
10 2 14 35 65
10 2 14 35 65
10 2 11 35 65
50 2 1196 1238 1262
50 2 1324 1238 1262
50 2 1175 1238 1262
50 2 1157 1238 1262
50 2 1161 1238 1262
75 2 4793 3246 2379
75 2 4862 3246 2379
75 2 5452 3246 2379
75 2 5548 3246 2379
75 2 5325 3246 2379
100 2 16063 4803 5197
100 2 15479 4803 5197
100 2 14772 4803 5197
100 2 16039 4803 5197
100 2 15391 4803 5197
10 4 13 35 65
10 4 16 35 65
10 4 16 35 65
10 4 18 35 65
10 4 13 35 65
50 4 1085 1238 1262
50 4 981 1238 1262
50 4 1100 1238 1262
50 4 1028 1238 1262
50 4 1075 1238 1262
75 4 4639 3246 2379
75 4 4331 3246 2379
75 4 4418 3246 2379
75 4 4237 3246 2379
75 4 4232 3246 2379
100 4 11697 4803 5197
100 4 10948 4803 5197
100 4 11937 4803 5197
100 4 11232 4803 5197
100 4 11055 4803 5197
10 8 22 35 65
10 8 19 35 65
10 8 13 35 65
10 8 18 35 65
10 8 22 35 65
50 8 1009 1238 1262
50 8 921 1238 1262
50 8 935 1238 1262
50 8 1030 1238 1262
50 8 1043 1238 1262
75 8 3673 3246 2379
75 8 3440 3246 2379
75 8 3759 3246 2379
75 8 3720 3246 2379
75 8 3583 3246 2379
100 8 9301 4803 5197
100 8 9322 4803 5197
100 8 9424 4803 5197
100 8 9230 4803 5197
100 8 9439 4803 5197
10 12 17 35 65
10 12 24 35 65
10 12 15 35 65
10 12 18 35 65
10 12 16 35 65
50 12 996 1238 1262
50 12 908 1238 1262
50 12 872 1238 1262
50 12 921 1238 1262
50 12 963 1238 1262
75 12 3327 3246 2379
75 12 3745 3246 2379
75 12 3534 3246 2379
75 12 3401 3246 2379
75 12 3507 3246 2379
100 12 8941 4803 5197
100 12 8366 4803 5197
100 12 9451 4803 5197
100 12 9841 4803 5197
100 12 9353 4803 5197
10 16 15 35 65
10 16 28 35 65
10 16 30 35 65
10 16 15 35 65
10 16 16 35 65
50 16 866 1238 1262
50 16 968 1238 1262
50 16 1026 1238 1262
50 16 946 1238 1262
50 16 971 1238 1262
75 16 3708 3246 2379
75 16 3653 3246 2379
75 16 3552 3246 2379
75 16 3786 3246 2379
75 16 3703 3246 2379
100 16 8872 4803 5197
100 16 8457 4803 5197
100 16 9436 4803 5197
100 16 8582 4803 5197
100 16 9363 4803 5197
10 32 34 35 65
10 32 27 35 65
10 32 23 35 65
10 32 28 35 65
10 32 25 35 65
50 32 1041 1238 1262
50 32 1003 1238 1262
50 32 883 1238 1262
50 32 966 1238 1262
50 32 927 1238 1262
75 32 3514 3246 2379
75 32 3556 3246 2379
75 32 3399 3246 2379
75 32 3907 3246 2379
75 32 3694 3246 2379
100 32 10578 4803 5197
100 32 9545 4803 5197
100 32 10127 4803 5197
100 32 9221 4803 5197
100 32 9189 4803 5197